11
1 2 106
1 4 147
1 8 240
1 11 176
2 1 106
2 4 117
2 5 91
3 4 64
3 6 105
3 7 97
3 8 148 
4 1 147
4 2 117
4 3 64 
4 5 69
4 6 75
5 2 91
5 4 69 
5 6 111
5 10 81
5 11 142
6 3 105
6 4 75
6 5 111
6 7 102
6 9 168
7 3 97
7 6 102
7 8 112
8 1 240
8 3 148
8 7 112
8 9 217
9 6 168
9 8 217
9 10 311
10 5 81
10 9 311
10 11 152
11 1 176
11 5 142
11 10 152